# Photodiode spectrum recorded on Mon May 21 11:35:14 2018
# Acquisition time [s]: 54.97 s 
0.00000
0.00000
0.00000
0.00000
0.00000
0.00000
0.00000
0.00000
0.00000
0.00000
0.00000
0.00000
0.00000
0.00000
0.00000
0.00000
0.00000
0.00000
0.00000
0.00000
0.00000
0.00000
0.00000
0.00000
0.00000
0.00000
0.00000
0.00000
0.00000
0.00000
0.00000
0.00000
209.00000
1489.00000
985.00000
706.00000
633.00000
549.00000
505.00000
499.00000
460.00000
481.00000
443.00000
463.00000
480.00000
499.00000
525.00000
512.00000
552.00000
559.00000
608.00000
690.00000
746.00000
829.00000
945.00000
1068.00000
1138.00000
1300.00000
1424.00000
1446.00000
1642.00000
1708.00000
1858.00000
1981.00000
1974.00000
2089.00000
2127.00000
2162.00000
2104.00000
2287.00000
2247.00000
2179.00000
2192.00000
2141.00000
2094.00000
2136.00000
1996.00000
2067.00000
2087.00000
2044.00000
1959.00000
2024.00000
1904.00000
1911.00000
1812.00000
1760.00000
1623.00000
1533.00000
1482.00000
1383.00000
1256.00000
1191.00000
1039.00000
955.00000
895.00000
743.00000
719.00000
639.00000
534.00000
584.00000
503.00000
404.00000
395.00000
335.00000
317.00000
283.00000
282.00000
272.00000
218.00000
222.00000
178.00000
154.00000
126.00000
158.00000
132.00000
141.00000
139.00000
102.00000
115.00000
116.00000
118.00000
106.00000
99.00000
101.00000
106.00000
68.00000
86.00000
87.00000
76.00000
69.00000
60.00000
56.00000
43.00000
40.00000
40.00000
37.00000
31.00000
31.00000
22.00000
19.00000
21.00000
15.00000
26.00000
16.00000
17.00000
16.00000
17.00000
20.00000
16.00000
12.00000
20.00000
14.00000
14.00000
12.00000
14.00000
13.00000
11.00000
13.00000
11.00000
12.00000
6.00000
6.00000
13.00000
10.00000
10.00000
12.00000
5.00000
6.00000
5.00000
2.00000
9.00000
2.00000
1.00000
9.00000
5.00000
4.00000
2.00000
7.00000
4.00000
4.00000
4.00000
0.00000
4.00000
7.00000
1.00000
6.00000
4.00000
3.00000
3.00000
0.00000
3.00000
3.00000
2.00000
4.00000
3.00000
4.00000
6.00000
1.00000
5.00000
1.00000
7.00000
9.00000
4.00000
9.00000
2.00000
3.00000
7.00000
10.00000
9.00000
4.00000
3.00000
5.00000
9.00000
2.00000
2.00000
8.00000
13.00000
5.00000
6.00000
8.00000
8.00000
12.00000
6.00000
20.00000
16.00000
12.00000
13.00000
7.00000
6.00000
14.00000
12.00000
8.00000
8.00000
5.00000
11.00000
10.00000
18.00000
8.00000
6.00000
8.00000
9.00000
11.00000
10.00000
12.00000
4.00000
4.00000
7.00000
7.00000
8.00000
4.00000
7.00000
10.00000
11.00000
8.00000
11.00000
13.00000
27.00000
21.00000
28.00000
33.00000
48.00000
48.00000
54.00000
65.00000
63.00000
72.00000
72.00000
98.00000
82.00000
89.00000
97.00000
96.00000
93.00000
80.00000
72.00000
87.00000
71.00000
61.00000
63.00000
62.00000
49.00000
41.00000
45.00000
27.00000
30.00000
24.00000
17.00000
12.00000
14.00000
9.00000
9.00000
10.00000
2.00000
2.00000
3.00000
4.00000
2.00000
3.00000
2.00000
0.00000
0.00000
1.00000
0.00000
1.00000
2.00000
1.00000
1.00000
1.00000
0.00000
0.00000
1.00000
0.00000
0.00000
0.00000
0.00000
0.00000
0.00000
1.00000
1.00000
0.00000
0.00000
2.00000
0.00000
1.00000
0.00000
0.00000
0.00000
0.00000
1.00000
0.00000
1.00000
2.00000
1.00000
0.00000
1.00000
1.00000
2.00000
2.00000
1.00000
2.00000
1.00000
0.00000
0.00000
0.00000
0.00000
1.00000
2.00000
0.00000
0.00000
2.00000
0.00000
0.00000
0.00000
0.00000
0.00000
0.00000
1.00000
0.00000
0.00000
0.00000
0.00000
0.00000
0.00000
0.00000
0.00000
0.00000
0.00000
0.00000
0.00000
0.00000
0.00000
0.00000
0.00000
0.00000
0.00000
0.00000
0.00000
0.00000
0.00000
0.00000
0.00000
0.00000
0.00000
0.00000
0.00000
0.00000
0.00000
0.00000
0.00000
0.00000
0.00000
0.00000
0.00000
0.00000
0.00000
0.00000
0.00000
0.00000
0.00000
0.00000
0.00000
0.00000
0.00000
0.00000
0.00000
0.00000
0.00000
0.00000
0.00000
0.00000
0.00000
0.00000
0.00000
0.00000
0.00000
0.00000
0.00000
0.00000
0.00000
0.00000
0.00000
0.00000
0.00000
0.00000
0.00000
1.00000
0.00000
0.00000
1.00000
0.00000
0.00000
0.00000
0.00000
0.00000
0.00000
0.00000
0.00000
0.00000
0.00000
0.00000
0.00000
0.00000
0.00000
0.00000
0.00000
0.00000
0.00000
0.00000
0.00000
0.00000
0.00000
0.00000
0.00000
0.00000
0.00000
0.00000
0.00000
0.00000
0.00000
0.00000
0.00000
0.00000
0.00000
0.00000
0.00000
0.00000
0.00000
0.00000
0.00000
0.00000
0.00000
0.00000
0.00000
0.00000
0.00000
0.00000
0.00000
0.00000
0.00000
0.00000
0.00000
0.00000
0.00000
0.00000
0.00000
0.00000
0.00000
0.00000
0.00000
0.00000
0.00000
0.00000
0.00000
0.00000
0.00000
0.00000
0.00000
0.00000
0.00000
0.00000
0.00000
0.00000
0.00000
0.00000
0.00000
0.00000
0.00000
0.00000
0.00000
0.00000
0.00000
0.00000
0.00000
0.00000
0.00000
0.00000
0.00000
0.00000
0.00000
0.00000
0.00000
0.00000
0.00000
0.00000
0.00000
0.00000
0.00000
0.00000
0.00000
0.00000
0.00000
0.00000
0.00000
0.00000
0.00000
0.00000
0.00000
0.00000
0.00000
0.00000
0.00000
0.00000
0.00000
0.00000
0.00000
0.00000
0.00000
0.00000
0.00000
0.00000
0.00000
0.00000
0.00000
0.00000
0.00000
0.00000
0.00000
0.00000
0.00000
0.00000
0.00000
0.00000
0.00000
0.00000
0.00000
0.00000
0.00000
0.00000
0.00000
0.00000
0.00000
0.00000
0.00000
0.00000
0.00000
0.00000
0.00000
0.00000
0.00000
0.00000
0.00000
0.00000
0.00000
0.00000
0.00000
0.00000
0.00000
0.00000
0.00000
0.00000
0.00000
0.00000
0.00000
0.00000
0.00000
0.00000
0.00000
0.00000
0.00000
0.00000
0.00000
0.00000
0.00000
0.00000
0.00000
0.00000
0.00000
0.00000
0.00000
0.00000
0.00000
0.00000
0.00000
0.00000
0.00000
0.00000
0.00000
0.00000
0.00000
0.00000
0.00000
0.00000
0.00000
0.00000
0.00000
0.00000
0.00000
0.00000
0.00000
0.00000
0.00000
1.00000
0.00000
0.00000
0.00000
0.00000
0.00000
0.00000
0.00000
0.00000
0.00000
0.00000
0.00000
0.00000
0.00000
0.00000
0.00000
0.00000
0.00000
0.00000
0.00000
0.00000
0.00000
0.00000
0.00000
0.00000
0.00000
0.00000
0.00000
0.00000
0.00000
0.00000
0.00000
0.00000
0.00000
0.00000
0.00000
0.00000
0.00000
0.00000
0.00000
0.00000
0.00000
0.00000
0.00000
0.00000
0.00000
0.00000
0.00000
0.00000
0.00000
0.00000
0.00000
0.00000
0.00000
0.00000
0.00000
0.00000
0.00000
0.00000
0.00000
0.00000
0.00000
0.00000
0.00000
0.00000
0.00000
0.00000
0.00000
0.00000
0.00000
0.00000
0.00000
0.00000
0.00000
0.00000
0.00000
0.00000
0.00000
0.00000
0.00000
0.00000
0.00000
0.00000
0.00000
0.00000
0.00000
0.00000
0.00000
0.00000
0.00000
0.00000
0.00000
0.00000
0.00000
0.00000
0.00000
0.00000
0.00000
0.00000
0.00000
0.00000
0.00000
0.00000
0.00000
0.00000
0.00000
0.00000
0.00000
0.00000
0.00000
0.00000
0.00000
0.00000
0.00000
0.00000
0.00000
0.00000
0.00000
0.00000
0.00000
0.00000
0.00000
0.00000
0.00000
0.00000
0.00000
0.00000
0.00000
0.00000
0.00000
0.00000
0.00000
0.00000
0.00000
0.00000
0.00000
0.00000
0.00000
0.00000
0.00000
0.00000
0.00000
0.00000
0.00000
0.00000
0.00000
0.00000
0.00000
0.00000
0.00000
0.00000
0.00000
0.00000
0.00000
0.00000
0.00000
0.00000
0.00000
0.00000
0.00000
0.00000
0.00000
0.00000
0.00000
0.00000
0.00000
0.00000
0.00000
0.00000
0.00000
0.00000
0.00000
0.00000
0.00000
0.00000
0.00000
0.00000
0.00000
0.00000
0.00000
0.00000
0.00000
0.00000
0.00000
0.00000
0.00000
0.00000
0.00000
0.00000
0.00000
0.00000
0.00000
0.00000
0.00000
0.00000
0.00000
0.00000
0.00000
0.00000
0.00000
0.00000
0.00000
0.00000
0.00000
0.00000
0.00000
0.00000
0.00000
0.00000
0.00000
0.00000
0.00000
0.00000
0.00000
0.00000
0.00000
0.00000
0.00000
0.00000
0.00000
0.00000
0.00000
0.00000
0.00000
0.00000
0.00000
0.00000
0.00000
0.00000
0.00000
0.00000
0.00000
0.00000
0.00000
0.00000
0.00000
0.00000
0.00000
0.00000
0.00000
0.00000
0.00000
0.00000
0.00000
0.00000
0.00000
0.00000
0.00000
0.00000
0.00000
0.00000
0.00000
0.00000
0.00000
0.00000
0.00000
0.00000
0.00000
0.00000
0.00000
0.00000
0.00000
0.00000
0.00000
0.00000
0.00000
0.00000
0.00000
0.00000
0.00000
0.00000
0.00000
0.00000
0.00000
0.00000
0.00000
0.00000
0.00000
0.00000
0.00000
0.00000
0.00000
0.00000
0.00000
0.00000
0.00000
0.00000
0.00000
0.00000
0.00000
0.00000
0.00000
0.00000
0.00000
0.00000
0.00000
0.00000
0.00000
0.00000
0.00000
0.00000
0.00000
0.00000
0.00000
0.00000
0.00000
0.00000
0.00000
0.00000
0.00000
0.00000
0.00000
0.00000
0.00000
0.00000
0.00000
0.00000
0.00000
0.00000
0.00000
0.00000
0.00000
0.00000
0.00000
0.00000
0.00000
0.00000
0.00000
0.00000
0.00000
0.00000
0.00000
0.00000
0.00000
0.00000
0.00000
0.00000
0.00000
0.00000
0.00000
0.00000
0.00000
0.00000
0.00000
0.00000
0.00000
0.00000
0.00000
0.00000
0.00000
0.00000
0.00000
0.00000
0.00000
0.00000
0.00000
0.00000
0.00000
0.00000
0.00000
0.00000
0.00000
0.00000
0.00000
0.00000
0.00000
0.00000
0.00000
0.00000
0.00000
0.00000
0.00000
0.00000
0.00000
0.00000
0.00000
0.00000
0.00000
0.00000
0.00000
0.00000
0.00000
0.00000
0.00000
0.00000
0.00000
0.00000
0.00000
0.00000
0.00000
0.00000
0.00000
0.00000
